9   1   3   4   5   6   7   8   2
                                 
1   8   9   2   4   5   6   7   3
                                 
2   3   7   8   9   1   5   6   4
                                 
3   7   4   1   6   9   8   2   5
                                 
4   2   1   5   7   8   3   9   6
                                 
5   4   6   3   8   2   9   1   7
                                 
6   5   2   9   1   7   4   3   8
                                 
8   6   5   7   2   3   1   4   9
                                 
7   9   8   6   3   4   2   5   1
